760
740
746
735
737
739
736
738
765
726
725
724
702
642
767
755
772
790
805
769
766
756
763
751
773
758
750
762
787
783
757
745
775
761
752
774
709
759
754
753
744
749
778
777
747
791
776
786
789
788
784
635
782
779
785
802
793
809
780
797
781
798
794
795
678
679
649
645
665
695
657
640
722
723
641
721
700
663
697
659
643
690
637
638
656
639
698
658
708
687
710
662
644
666
707
646
671
694
664
403
395
696
636
673
720
648
661
319
674
680
647
693
652
500
650
692
688
682
677
705
699
669
704
670
668
667
675
676
672
651
689
654
684
653
660
691
655
685
712
711
713
714
716
715
718
717
311
396
329
492
398
400
399
401
518
300
358
350
394
276
479
476
370
278
530
526
241
524
372
212
280
347
477
336
281
298
375
374
335
522
413
290
503
279
528
373
321
108
274
378
364
513
187
529
270
504
414
211
377
288
191
415
356
498
317
516
379
376
506
501
535
29
273
348
388
368
517
346
507
363
355
267
381
386
258
534
411
369
289
334
474
380
387
385
342
389
384
502
497
472
382
313
49
383
390
137
314
275
271
272
268
457
470
434
545
466
444
266
243
269
542
539
74
471
562
129
608
586
301
564
550
405
473
76
554
603
206
605
257
420
429
43
440
548
598
11
408
419
450
607
531
134
557
585
468
546
149
193
590
447
543
146
588
421
619
448
51
437
31
428
445
431
462
409
578
463
475
78
580
296
584
570
627
552
155
214
611
423
576
425
436
39
200
597
417
609
310
469
72
625
293
170
567
309
426
439
577
185
582
575
458
456
101
452
168
565
442
45
579
441
233
630
283
454
205
602
422
25
282
555
158
402
343
478
299
481
284
294
94
491
480
295
365
352
96
493
331
88
485
297
494
332
306
316
308
505
354
305
302
499
312
112
509
315
286
86
483
92
489
292
322
122
519
318
118
515
339
126
523
345
366
592
195
593
196
361
561
164
412
15
589
192
572
175
594
197
591
194
443
246
571
174
556
159
624
227
618
221
245
249
449
52
566
172
587
190
341
541
144
226
455
58
800
3
254
416
19
613
216
621
224
424
27
599
202
128
525
328
131
359
559
162
130
527
330
133
433
36
568
171
626
229
232
432
35
132
325
622
225
581
184
606
209
360
163
323
620
223
465
68
262
320
123
617
220
533
136
631
634
237
337
537
140
338
538
141
438
41
238
536
139
633
236
244
344
147
404
804
7
601
204
407
807
10
418
21
615
218
612
215
521
324
127
80
574
177
327
435
38
632
235
532
138
242
307
110
604
410
13
451
54
251
551
154
614
217
117
514
120
461
64
261
573
176
349
549
152
482
285
287
484
487
90
486
595
198
801
4
799
2
240
340
540
143
490
56
253
353
553
156
610
213
510
116
467
70
264
547
150
600
203
803
6
103
558
161
17
511
114
563
166
406
806
9
303
106
488
291
616
219
